digraph Tree {
node [shape=box, style="filled, rounded", color="black", fontname="helvetica"] ;
edge [fontname="helvetica"] ;
0 [label=<x<SUB>125</SUB> &le; 0.5<br/>gini = 0.975<br/>samples = 2501<br/>value = [104, 85, 98, 102, 89, 94, 101, 106, 112, 99, 108<br/>100, 103, 74, 95, 107, 86, 98, 85, 93, 91, 89<br/>97, 115, 88, 99, 114, 101, 95, 93, 93, 88, 100<br/>92, 92, 94, 93, 108, 86, 97, 72]<br/>class = 23>, fillcolor="#ffffff"] ;
1 [label=<x<SUB>22</SUB> &le; 0.5<br/>gini = 0.975<br/>samples = 2439<br/>value = [104, 85, 98, 102, 89, 94, 101, 106, 112, 99, 108<br/>100, 103, 74, 95, 107, 86, 98, 85, 93, 91, 89<br/>97, 115, 88, 99, 3, 101, 95, 93, 93, 88, 100, 92<br/>92, 94, 93, 108, 86, 97, 72]<br/>class = 23>, fillcolor="#ffffff"] ;
0 -> 1 [labeldistance=2.5, labelangle=45, headlabel="True"] ;
2 [label=<x<SUB>58</SUB> &le; 0.5<br/>gini = 0.974<br/>samples = 2375<br/>value = [104, 85, 98, 102, 89, 94, 101, 106, 112, 99, 0<br/>100, 103, 74, 95, 107, 86, 98, 85, 93, 91, 89<br/>97, 115, 88, 99, 3, 101, 95, 93, 93, 88, 100, 92<br/>92, 94, 93, 108, 86, 97, 72]<br/>class = 23>, fillcolor="#ffffff"] ;
1 -> 2 ;
3 [label=<x<SUB>100</SUB> &le; 0.5<br/>gini = 0.974<br/>samples = 2307<br/>value = [104, 85, 98, 102, 89, 94, 101, 106, 112, 99, 0<br/>100, 103, 74, 95, 107, 86, 98, 85, 93, 91, 89<br/>97, 6, 88, 99, 3, 101, 95, 93, 93, 88, 100, 92<br/>92, 94, 93, 108, 86, 97, 72]<br/>class = 8>, fillcolor="#ffffff"] ;
2 -> 3 ;
4 [label=<x<SUB>47</SUB> &le; 0.5<br/>gini = 0.969<br/>samples = 1898<br/>value = [104.0, 85.0, 6.0, 102.0, 89.0, 94.0, 101.0, 106.0, 5.0<br/>99.0, 0.0, 3.0, 103.0, 74.0, 8.0, 11.0, 86.0, 98.0<br/>85.0, 93.0, 91.0, 89.0, 97.0, 6.0, 88.0, 99.0, 3.0<br/>1.0, 95.0, 93.0, 93.0, 88.0, 100.0, 92.0, 92.0, 5.0<br/>93.0, 108.0, 86.0, 97.0, 72.0]<br/>class = 37>, fillcolor="#ffffff"] ;
3 -> 4 ;
5 [label=<x<SUB>48</SUB> &le; 0.5<br/>gini = 0.968<br/>samples = 1843<br/>value = [104.0, 85.0, 6.0, 5.0, 89.0, 94.0, 101.0, 106.0, 5.0<br/>99.0, 0.0, 3.0, 103.0, 74.0, 8.0, 11.0, 86.0, 98.0<br/>85.0, 93.0, 91.0, 89.0, 97.0, 6.0, 88.0, 99.0, 3.0<br/>1.0, 95.0, 93.0, 93.0, 88.0, 100.0, 92.0, 92.0, 5.0<br/>93.0, 108.0, 86.0, 97.0, 72.0]<br/>class = 37>, fillcolor="#ffffff"] ;
4 -> 5 ;
6 [label=<x<SUB>101</SUB> &le; 0.5<br/>gini = 0.967<br/>samples = 1786<br/>value = [104.0, 85.0, 6.0, 5.0, 89.0, 94.0, 101.0, 106.0, 5.0<br/>99.0, 0.0, 3.0, 0.0, 74.0, 8.0, 11.0, 86.0, 98.0<br/>85.0, 93.0, 91.0, 89.0, 97.0, 6.0, 88.0, 99.0, 3.0<br/>1.0, 95.0, 93.0, 93.0, 88.0, 100.0, 92.0, 92.0, 5.0<br/>93.0, 108.0, 86.0, 97.0, 72.0]<br/>class = 37>, fillcolor="#ffffff"] ;
5 -> 6 ;
7 [label=<x<SUB>123</SUB> &le; 0.5<br/>gini = 0.965<br/>samples = 1722<br/>value = [104.0, 85.0, 6.0, 5.0, 89.0, 94.0, 101.0, 106.0, 5.0<br/>99.0, 0.0, 3.0, 0.0, 74.0, 8.0, 11.0, 86.0, 98.0<br/>85.0, 93.0, 91.0, 89.0, 97.0, 6.0, 88.0, 0.0, 3.0<br/>1.0, 95.0, 93.0, 93.0, 88.0, 100.0, 92.0, 92.0, 5.0<br/>93.0, 108.0, 86.0, 97.0, 72.0]<br/>class = 37>, fillcolor="#ffffff"] ;
6 -> 7 ;
8 [label=<x<SUB>94</SUB> &le; 0.5<br/>gini = 0.964<br/>samples = 1666<br/>value = [104.0, 85.0, 6.0, 5.0, 89.0, 94.0, 101.0, 10.0, 5.0<br/>99.0, 0.0, 3.0, 0.0, 74.0, 8.0, 11.0, 86.0, 98.0<br/>85.0, 93.0, 91.0, 89.0, 97.0, 6.0, 88.0, 0.0, 3.0<br/>1.0, 95.0, 93.0, 93.0, 88.0, 100.0, 92.0, 92.0, 5.0<br/>93.0, 108.0, 86.0, 97.0, 72.0]<br/>class = 37>, fillcolor="#ffffff"] ;
7 -> 8 ;
9 [label=<x<SUB>21</SUB> &le; 0.5<br/>gini = 0.963<br/>samples = 1607<br/>value = [104.0, 85.0, 6.0, 5.0, 89.0, 94.0, 101.0, 10.0, 5.0<br/>99.0, 0.0, 3.0, 0.0, 74.0, 8.0, 11.0, 86.0, 98.0<br/>85.0, 93.0, 91.0, 89.0, 97.0, 6.0, 88.0, 0.0, 3.0<br/>1.0, 95.0, 93.0, 93.0, 88.0, 100.0, 92.0, 0.0, 5.0<br/>93.0, 108.0, 86.0, 97.0, 72.0]<br/>class = 37>, fillcolor="#ffffff"] ;
8 -> 9 ;
10 [label=<gini = 0.962<br/>samples = 1550<br/>value = [104.0, 85.0, 6.0, 5.0, 89.0, 94.0, 101.0, 10.0, 5.0<br/>99.0, 0.0, 3.0, 0.0, 74.0, 8.0, 11.0, 86.0, 98.0<br/>85.0, 93.0, 91.0, 89.0, 0.0, 6.0, 88.0, 0.0, 3.0<br/>1.0, 95.0, 93.0, 93.0, 88.0, 100.0, 92.0, 0.0, 5.0<br/>93.0, 108.0, 86.0, 97.0, 72.0]<br/>class = 37>, fillcolor="#ffffff"] ;
9 -> 10 ;
11 [label=<gini = 0.0<br/>samples = 57<br/>value = [0, 0, 0, 0, 0, 0, 0, 0, 0, 0, 0, 0, 0, 0<br/>0, 0, 0, 0, 0, 0, 0, 0, 97, 0, 0, 0, 0, 0<br/>0, 0, 0, 0, 0, 0, 0, 0, 0, 0, 0, 0, 0]<br/>class = 22>, fillcolor="#3978e5"] ;
9 -> 11 ;
12 [label=<gini = 0.0<br/>samples = 59<br/>value = [0, 0, 0, 0, 0, 0, 0, 0, 0, 0, 0, 0, 0, 0<br/>0, 0, 0, 0, 0, 0, 0, 0, 0, 0, 0, 0, 0, 0<br/>0, 0, 0, 0, 0, 0, 92, 0, 0, 0, 0, 0, 0]<br/>class = 34>, fillcolor="#e539a3"] ;
8 -> 12 ;
13 [label=<gini = 0.0<br/>samples = 56<br/>value = [0, 0, 0, 0, 0, 0, 0, 96, 0, 0, 0, 0, 0, 0<br/>0, 0, 0, 0, 0, 0, 0, 0, 0, 0, 0, 0, 0, 0<br/>0, 0, 0, 0, 0, 0, 0, 0, 0, 0, 0, 0, 0]<br/>class = 7>, fillcolor="#9ae539"] ;
7 -> 13 ;
14 [label=<gini = 0.0<br/>samples = 64<br/>value = [0, 0, 0, 0, 0, 0, 0, 0, 0, 0, 0, 0, 0, 0<br/>0, 0, 0, 0, 0, 0, 0, 0, 0, 0, 0, 99, 0, 0<br/>0, 0, 0, 0, 0, 0, 0, 0, 0, 0, 0, 0, 0]<br/>class = 25>, fillcolor="#4439e5"] ;
6 -> 14 ;
15 [label=<gini = 0.0<br/>samples = 57<br/>value = [0, 0, 0, 0, 0, 0, 0, 0, 0, 0, 0, 0, 103, 0<br/>0, 0, 0, 0, 0, 0, 0, 0, 0, 0, 0, 0, 0, 0<br/>0, 0, 0, 0, 0, 0, 0, 0, 0, 0, 0, 0, 0]<br/>class = 12>, fillcolor="#39e556"] ;
5 -> 15 ;
16 [label=<gini = 0.0<br/>samples = 55<br/>value = [0, 0, 0, 97, 0, 0, 0, 0, 0, 0, 0, 0, 0, 0<br/>0, 0, 0, 0, 0, 0, 0, 0, 0, 0, 0, 0, 0, 0<br/>0, 0, 0, 0, 0, 0, 0, 0, 0, 0, 0, 0, 0]<br/>class = 3>, fillcolor="#e5cb39"] ;
4 -> 16 ;
17 [label=<x<SUB>110</SUB> &le; 0.5<br/>gini = 0.857<br/>samples = 409<br/>value = [0.0, 0.0, 92.0, 0.0, 0.0, 0.0, 0.0, 0.0, 107.0, 0.0<br/>0.0, 97.0, 0.0, 0.0, 87.0, 96.0, 0.0, 0.0, 0.0, 0.0<br/>0.0, 0.0, 0.0, 0.0, 0.0, 0.0, 0.0, 100.0, 0.0, 0.0<br/>0.0, 0.0, 0.0, 0.0, 0.0, 89.0, 0.0, 0.0, 0.0, 0.0<br/>0.0]<br/>class = 8>, fillcolor="#fdfffd"] ;
3 -> 17 ;
18 [label=<x<SUB>127</SUB> &le; 0.5<br/>gini = 0.835<br/>samples = 350<br/>value = [0, 0, 92, 0, 0, 0, 0, 0, 4, 0, 0, 97, 0, 0<br/>87, 96, 0, 0, 0, 0, 0, 0, 0, 0, 0, 0, 0, 100<br/>0, 0, 0, 0, 0, 0, 0, 89, 0, 0, 0, 0, 0]<br/>class = 27>, fillcolor="#fefeff"] ;
17 -> 18 ;
19 [label=<x<SUB>41</SUB> &le; 0.5<br/>gini = 0.807<br/>samples = 290<br/>value = [0, 0, 92, 0, 0, 0, 0, 0, 4, 0, 0, 97, 0, 0<br/>87, 96, 0, 0, 0, 0, 0, 0, 0, 0, 0, 0, 0, 5<br/>0, 0, 0, 0, 0, 0, 0, 89, 0, 0, 0, 0, 0]<br/>class = 11>, fillcolor="#fefffe"] ;
18 -> 19 ;
20 [label=<x<SUB>50</SUB> &le; 0.5<br/>gini = 0.765<br/>samples = 233<br/>value = [0.0, 0.0, 92.0, 0.0, 0.0, 0.0, 0.0, 0.0, 0.0, 0.0<br/>0.0, 7.0, 0.0, 0.0, 87.0, 96.0, 0.0, 0.0, 0.0, 0.0<br/>0.0, 0.0, 0.0, 0.0, 0.0, 0.0, 0.0, 5.0, 0.0, 0.0<br/>0.0, 0.0, 0.0, 0.0, 0.0, 89.0, 0.0, 0.0, 0.0, 0.0<br/>0.0]<br/>class = 15>, fillcolor="#fcfffe"] ;
19 -> 20 ;
21 [label=<x<SUB>55</SUB> &le; 0.5<br/>gini = 0.703<br/>samples = 184<br/>value = [0.0, 0.0, 92.0, 0.0, 0.0, 0.0, 0.0, 0.0, 0.0, 0.0<br/>0.0, 7.0, 0.0, 0.0, 87.0, 96.0, 0.0, 0.0, 0.0, 0.0<br/>0.0, 0.0, 0.0, 0.0, 0.0, 0.0, 0.0, 5.0, 0.0, 0.0<br/>0.0, 0.0, 0.0, 0.0, 0.0, 5.0, 0.0, 0.0, 0.0, 0.0<br/>0.0]<br/>class = 15>, fillcolor="#fbfefd"] ;
20 -> 21 ;
22 [label=<x<SUB>86</SUB> &le; 0.5<br/>gini = 0.382<br/>samples = 76<br/>value = [0, 0, 92, 0, 0, 0, 0, 0, 0, 0, 0, 7, 0, 0<br/>4, 5, 0, 0, 0, 0, 0, 0, 0, 0, 0, 0, 0, 5<br/>0, 0, 0, 0, 0, 0, 0, 5, 0, 0, 0, 0, 0]<br/>class = 2>, fillcolor="#ebc367"] ;
21 -> 22 ;
23 [label=<gini = 0.803<br/>samples = 28<br/>value = [0, 0, 12, 0, 0, 0, 0, 0, 0, 0, 0, 7, 0, 0<br/>4, 5, 0, 0, 0, 0, 0, 0, 0, 0, 0, 0, 0, 5<br/>0, 0, 0, 0, 0, 0, 0, 5, 0, 0, 0, 0, 0]<br/>class = 2>, fillcolor="#fbf2df"] ;
22 -> 23 ;
24 [label=<gini = 0.0<br/>samples = 48<br/>value = [0, 0, 80, 0, 0, 0, 0, 0, 0, 0, 0, 0, 0, 0<br/>0, 0, 0, 0, 0, 0, 0, 0, 0, 0, 0, 0, 0, 0<br/>0, 0, 0, 0, 0, 0, 0, 0, 0, 0, 0, 0, 0]<br/>class = 2>, fillcolor="#e5b139"] ;
22 -> 24 ;
25 [label=<x<SUB>17</SUB> &le; 0.5<br/>gini = 0.499<br/>samples = 108<br/>value = [0, 0, 0, 0, 0, 0, 0, 0, 0, 0, 0, 0, 0, 0<br/>83, 91, 0, 0, 0, 0, 0, 0, 0, 0, 0, 0, 0, 0<br/>0, 0, 0, 0, 0, 0, 0, 0, 0, 0, 0, 0, 0]<br/>class = 15>, fillcolor="#eefdf7"] ;
21 -> 25 ;
26 [label=<gini = 0.192<br/>samples = 63<br/>value = [0, 0, 0, 0, 0, 0, 0, 0, 0, 0, 0, 0, 0, 0<br/>11, 91, 0, 0, 0, 0, 0, 0, 0, 0, 0, 0, 0, 0<br/>0, 0, 0, 0, 0, 0, 0, 0, 0, 0, 0, 0, 0]<br/>class = 15>, fillcolor="#51e8ab"] ;
25 -> 26 ;
27 [label=<gini = 0.0<br/>samples = 45<br/>value = [0, 0, 0, 0, 0, 0, 0, 0, 0, 0, 0, 0, 0, 0<br/>72, 0, 0, 0, 0, 0, 0, 0, 0, 0, 0, 0, 0, 0<br/>0, 0, 0, 0, 0, 0, 0, 0, 0, 0, 0, 0, 0]<br/>class = 14>, fillcolor="#39e586"] ;
25 -> 27 ;
28 [label=<gini = 0.0<br/>samples = 49<br/>value = [0, 0, 0, 0, 0, 0, 0, 0, 0, 0, 0, 0, 0, 0<br/>0, 0, 0, 0, 0, 0, 0, 0, 0, 0, 0, 0, 0, 0<br/>0, 0, 0, 0, 0, 0, 0, 84, 0, 0, 0, 0, 0]<br/>class = 35>, fillcolor="#e53989"] ;
20 -> 28 ;
29 [label=<x<SUB>19</SUB> &le; 0.5<br/>gini = 0.081<br/>samples = 57<br/>value = [0, 0, 0, 0, 0, 0, 0, 0, 4, 0, 0, 90, 0, 0<br/>0, 0, 0, 0, 0, 0, 0, 0, 0, 0, 0, 0, 0, 0<br/>0, 0, 0, 0, 0, 0, 0, 0, 0, 0, 0, 0, 0]<br/>class = 11>, fillcolor="#42e645"] ;
19 -> 29 ;
30 [label=<x<SUB>75</SUB> &le; 0.5<br/>gini = 0.49<br/>samples = 5<br/>value = [0, 0, 0, 0, 0, 0, 0, 0, 4, 0, 0, 3, 0, 0<br/>0, 0, 0, 0, 0, 0, 0, 0, 0, 0, 0, 0, 0, 0<br/>0, 0, 0, 0, 0, 0, 0, 0, 0, 0, 0, 0, 0]<br/>class = 8>, fillcolor="#e0f8ce"] ;
29 -> 30 ;
31 [label=<gini = 0.0<br/>samples = 2<br/>value = [0, 0, 0, 0, 0, 0, 0, 0, 4, 0, 0, 0, 0, 0<br/>0, 0, 0, 0, 0, 0, 0, 0, 0, 0, 0, 0, 0, 0<br/>0, 0, 0, 0, 0, 0, 0, 0, 0, 0, 0, 0, 0]<br/>class = 8>, fillcolor="#81e539"] ;
30 -> 31 ;
32 [label=<gini = 0.0<br/>samples = 3<br/>value = [0, 0, 0, 0, 0, 0, 0, 0, 0, 0, 0, 3, 0, 0<br/>0, 0, 0, 0, 0, 0, 0, 0, 0, 0, 0, 0, 0, 0<br/>0, 0, 0, 0, 0, 0, 0, 0, 0, 0, 0, 0, 0]<br/>class = 11>, fillcolor="#39e53c"] ;
30 -> 32 ;
33 [label=<gini = 0.0<br/>samples = 52<br/>value = [0, 0, 0, 0, 0, 0, 0, 0, 0, 0, 0, 87, 0, 0<br/>0, 0, 0, 0, 0, 0, 0, 0, 0, 0, 0, 0, 0, 0<br/>0, 0, 0, 0, 0, 0, 0, 0, 0, 0, 0, 0, 0]<br/>class = 11>, fillcolor="#39e53c"] ;
29 -> 33 ;
34 [label=<gini = 0.0<br/>samples = 60<br/>value = [0, 0, 0, 0, 0, 0, 0, 0, 0, 0, 0, 0, 0, 0<br/>0, 0, 0, 0, 0, 0, 0, 0, 0, 0, 0, 0, 0, 95<br/>0, 0, 0, 0, 0, 0, 0, 0, 0, 0, 0, 0, 0]<br/>class = 27>, fillcolor="#7839e5"] ;
18 -> 34 ;
35 [label=<gini = 0.0<br/>samples = 59<br/>value = [0, 0, 0, 0, 0, 0, 0, 0, 103, 0, 0, 0, 0, 0<br/>0, 0, 0, 0, 0, 0, 0, 0, 0, 0, 0, 0, 0, 0<br/>0, 0, 0, 0, 0, 0, 0, 0, 0, 0, 0, 0, 0]<br/>class = 8>, fillcolor="#81e539"] ;
17 -> 35 ;
36 [label=<gini = 0.0<br/>samples = 68<br/>value = [0, 0, 0, 0, 0, 0, 0, 0, 0, 0, 0, 0, 0, 0<br/>0, 0, 0, 0, 0, 0, 0, 0, 0, 109, 0, 0, 0, 0<br/>0, 0, 0, 0, 0, 0, 0, 0, 0, 0, 0, 0, 0]<br/>class = 23>, fillcolor="#3961e5"] ;
2 -> 36 ;
37 [label=<gini = 0.0<br/>samples = 64<br/>value = [0, 0, 0, 0, 0, 0, 0, 0, 0, 0, 108, 0, 0, 0<br/>0, 0, 0, 0, 0, 0, 0, 0, 0, 0, 0, 0, 0, 0<br/>0, 0, 0, 0, 0, 0, 0, 0, 0, 0, 0, 0, 0]<br/>class = 10>, fillcolor="#50e539"] ;
1 -> 37 ;
38 [label=<gini = 0.0<br/>samples = 62<br/>value = [0, 0, 0, 0, 0, 0, 0, 0, 0, 0, 0, 0, 0, 0<br/>0, 0, 0, 0, 0, 0, 0, 0, 0, 0, 0, 0, 111, 0<br/>0, 0, 0, 0, 0, 0, 0, 0, 0, 0, 0, 0, 0]<br/>class = 26>, fillcolor="#5e39e5"] ;
0 -> 38 [labeldistance=2.5, labelangle=-45, headlabel="False"] ;
}
